,level_0,State,2012,2013,2014,2015,2016,2017,2018,latitude,longitude,name
0,0,Alabama,7.983333333333332,7.216666666666668,6.758333333333334,6.083333333333333,5.841666666666666,4.416666666666667,3.8750000000000004,32.318231,-86.902298,Alabama
1,1,Alaska,7.133333333333333,7.0,6.866666666666666,6.533333333333332,6.858333333333334,6.883333333333333,6.45,63.588753000000004,-154.493062,Alaska
2,2,Arizona,8.333333333333334,7.741666666666666,6.8,6.058333333333334,5.375,4.858333333333334,4.741666666666666,34.048928000000004,-111.093731,Arizona
3,3,Arkansas,7.575,7.216666666666666,6.016666666666666,5.008333333333333,3.9666666666666663,3.683333333333334,3.6416666666666675,35.20105,-91.83183299999999,Arkansas
4,4,California,10.375000000000002,8.941666666666666,7.5,6.208333333333333,5.491666666666666,4.791666666666667,4.258333333333334,36.778261,-119.41793200000001,California
5,5,Colorado,7.891666666666667,6.849999999999999,4.991666666666666,3.8833333333333333,3.2999999999999994,2.791666666666666,3.158333333333333,39.550051,-105.782067,Colorado
6,6,Connecticut,8.350000000000001,7.808333333333333,6.625,5.725000000000001,5.166666666666667,4.7,4.158333333333332,41.603221000000005,-73.087749,Connecticut
7,7,Delaware,7.208333333333333,6.691666666666666,5.716666666666666,4.858333333333333,4.525,4.466666666666666,3.783333333333333,38.910832,-75.52767,Delaware
8,8,Florida,8.483333333333333,7.233333333333333,6.275000000000001,5.449999999999999,4.816666666666666,4.2250000000000005,3.5916666666666663,27.664827000000002,-81.515754,Florida
9,9,Georgia,9.191666666666666,8.2,7.099999999999999,5.983333333333332,5.383333333333333,4.691666666666666,3.949999999999999,32.157435,-82.907123,Georgia
10,10,Hawaii,6.008333333333333,4.883333333333332,4.358333333333333,3.566666666666667,2.9499999999999993,2.433333333333333,2.516666666666667,19.898682,-155.66585700000002,Hawaii
11,11,Idaho,7.2,6.116666666666667,4.833333333333334,4.1000000000000005,3.7833333333333337,3.2083333333333335,2.908333333333333,44.068202,-114.74204099999999,Idaho
12,12,Illinois,8.991666666666667,9.041666666666666,7.099999999999999,5.958333333333333,5.816666666666667,4.925,4.333333333333333,40.633125,-89.398528,Illinois
13,13,Indiana,8.35,7.633333333333333,5.958333333333332,4.833333333333333,4.433333333333333,3.558333333333333,3.475,40.551217,-85.602364,Indiana
14,14,Iowa,5.033333333333333,4.733333333333333,4.241666666666667,3.758333333333334,3.625,3.1166666666666667,2.6166666666666667,41.878003,-93.097702,Iowa
15,15,Kansas,5.733333333333334,5.308333333333333,4.533333333333332,4.183333333333334,4.025,3.65,3.291666666666666,39.011902,-98.484246,Kansas
16,16,Kentucky,8.166666666666666,8.016666666666667,6.458333333333332,5.275,5.125000000000001,4.891666666666667,4.333333333333332,37.839333,-84.27001800000001,Kentucky
17,17,Louisiana,7.091666666666668,6.675,6.366666666666667,6.324999999999999,6.066666666666667,5.116666666666666,4.874999999999999,31.244822999999997,-92.14502399999999,Louisiana
18,18,Maine,7.466666666666668,6.650000000000001,5.608333333333333,4.383333333333334,3.7666666666666675,3.3750000000000004,3.2416666666666667,45.253783,-69.44546899999999,Maine
19,19,Maryland,6.966666666666668,6.566666666666666,5.816666666666666,5.066666666666667,4.4416666666666655,4.233333333333334,3.958333333333332,39.045755,-76.641271,Maryland
20,20,Massachusetts,6.658333333333334,6.716666666666668,5.75,4.791666666666667,3.8833333333333333,3.741666666666667,3.358333333333334,42.407211,-71.382437,Massachusetts
21,21,Michigan,9.124999999999998,8.783333333333333,7.233333333333334,5.408333333333334,4.991666666666667,4.608333333333334,4.1499999999999995,44.314844,-85.602364,Michigan
22,22,Minnesota,5.608333333333334,4.958333333333333,4.158333333333332,3.6833333333333336,3.8666666666666667,3.4083333333333337,2.941666666666667,46.729553,-94.6859,Minnesota
23,23,Mississippi,9.000000000000002,8.533333333333333,7.491666666666666,6.366666666666667,5.808333333333333,5.1,4.858333333333333,32.354668,-89.398528,Mississippi
24,24,Missouri,6.9750000000000005,6.733333333333332,6.133333333333333,4.999999999999999,4.575,3.733333333333334,3.1666666666666665,37.964253,-91.83183299999999,Missouri
25,25,Montana,5.983333333333333,5.408333333333332,4.658333333333333,4.208333333333334,4.125,3.9583333333333326,3.641666666666667,46.879682,-110.36256599999999,Montana
26,26,Nebraska,4.016666666666667,3.766666666666667,3.266666666666667,3.008333333333334,3.066666666666667,2.916666666666666,2.916666666666666,41.492537,-99.901813,Nebraska
27,27,Nevada,11.191666666666665,9.625,7.916666666666667,6.758333333333334,5.708333333333333,5.008333333333333,4.449999999999999,38.802609999999994,-116.419389,Nevada
28,28,New Hampshire,5.483333333333334,5.083333333333333,4.283333333333333,3.3749999999999996,2.8666666666666667,2.7249999999999996,2.5749999999999997,43.193852,-71.572395,New Hampshire
29,29,New Jersey,9.333333333333334,8.241666666666665,6.741666666666667,5.766666666666667,4.983333333333333,4.625000000000001,4.091666666666666,40.058324,-74.405661,New Jersey
30,30,New Mexico,7.116666666666666,6.941666666666666,6.675000000000002,6.5,6.591666666666669,5.8500000000000005,4.908333333333332,34.97273,-105.03236299999999,New Mexico
31,31,New York,8.516666666666667,7.708333333333333,6.333333333333335,5.258333333333333,4.866666666666666,4.7,4.141666666666667,43.299428000000006,-74.217933,New York
32,32,North Carolina,9.291666666666666,7.958333333333333,6.316666666666666,5.691666666666666,5.083333333333334,4.466666666666666,3.9833333333333325,35.759572999999996,-79.0193,North Carolina
33,33,North Dakota,3.066666666666667,2.916666666666666,2.6666666666666665,2.8000000000000003,3.091666666666667,2.6666666666666665,2.5749999999999997,47.551493,-101.002012,North Dakota
34,34,Ohio,7.408333333333332,7.425,5.800000000000001,4.908333333333333,5.0583333333333345,4.958333333333333,4.466666666666666,40.417287,-82.907123,Ohio
35,35,Oklahoma,5.266666666666667,5.283333333333333,4.508333333333334,4.3999999999999995,4.8,4.216666666666667,3.4416666666666664,35.007752,-97.092877,Oklahoma
36,36,Oregon,8.825,7.874999999999999,6.766666666666667,5.583333333333333,4.816666666666666,4.108333333333334,4.05,43.804133,-120.554201,Oregon
37,37,Pennsylvania,7.825000000000002,7.341666666666666,5.875000000000001,5.283333333333334,5.375,4.858333333333334,4.258333333333334,41.203322,-77.194525,Pennsylvania
38,38,Puerto Rico,14.466666666666669,14.233333333333334,13.83333333333333,12.058333333333332,11.75,10.908333333333333,9.174999999999999,18.220833,-66.590149,Puerto Rico
39,39,Rhode Island,10.391666666666667,9.266666666666666,7.6916666666666655,6.0,5.191666666666666,4.416666666666666,3.9666666666666655,41.580095,-71.477429,Rhode Island
40,40,South Carolina,9.200000000000001,7.616666666666666,6.458333333333333,5.974999999999999,5.025,4.275000000000001,3.4583333333333326,33.836081,-81.163725,South Carolina
41,41,South Dakota,4.266666666666667,3.7833333333333337,3.4083333333333328,3.1,2.983333333333334,3.208333333333334,3.0749999999999997,43.969515,-99.901813,South Dakota
42,42,Tennessee,7.824999999999999,7.733333333333333,6.600000000000001,5.6000000000000005,4.7333333333333325,3.766666666666667,3.525,35.517491,-86.58044699999999,Tennessee
43,43,Texas,6.741666666666667,6.25,5.116666666666667,4.425,4.633333333333333,4.308333333333334,3.8416666666666672,31.968598999999998,-99.901813,Texas
44,44,Utah,5.400000000000001,4.591666666666666,3.8166666666666678,3.600000000000001,3.4499999999999993,3.258333333333334,3.0500000000000003,39.32098,-111.093731,Utah
45,45,Vermont,4.925,4.408333333333333,3.9333333333333322,3.558333333333333,3.216666666666667,2.9416666666666664,2.5499999999999994,44.558803000000005,-72.577841,Vermont
46,46,Virginia,6.058333333333333,5.7,5.233333333333334,4.458333333333333,4.100000000000001,3.6999999999999997,3.041666666666666,37.431573,-78.656894,Virginia
47,47,Washington,8.108333333333334,7.033333333333332,6.125,5.641666666666667,5.258333333333333,4.708333333333334,4.458333333333333,47.751073999999996,-120.74013899999999,Washington
48,48,West Virginia,7.491666666666667,6.791666666666667,6.633333333333333,6.733333333333334,6.075,5.191666666666666,5.208333333333334,38.597626,-80.454903,West Virginia
49,49,Wisconsin,7.033333333333335,6.7,5.3999999999999995,4.5249999999999995,4.008333333333333,3.266666666666667,3.0,43.784440000000004,-88.787868,Wisconsin
50,50,Wyoming,5.308333333333333,4.716666666666667,4.133333333333334,4.333333333333333,5.316666666666666,4.166666666666667,3.8666666666666667,43.075967999999996,-107.29028400000001,Wyoming
